>chr16_100404_positive_1
1,0,0,0,0,0,0,0,0
>chr16_1012800_negative_1
0,0,0,0,0,0,0,1,0
>chr16_1014272_negative_1
0,0,0,0,0,0,0,0,1
>chr16_101428_negative_1
0,0,1,0,0,3,0,0,0
>chr16_101444_negative_1
0,0,0,0,0,0,1,0,0
>chr16_1018381_negative_1
0,1,1,0,0,13,6,2,1
>chr16_10213118_negative_1
0,0,0,0,0,0,1,0,0
>chr16_1021917_positive_1
1,0,0,5,1,0,1,0,0
>chr16_FA2H_74769229_negative_0
0,0,0,0,0,0,0,0,0
>chr16_FA2H_74775589_negative_0
0,0,0,0,0,0,0,0,0
>chr16_FA2H_74776750_negative_0
0,0,0,0,0,0,0,0,0
>chr16_FA2H_74787364_negative_0
0,0,0,0,0,0,0,0,0
>chr16_FA2H_74791005_negative_0
0,0,0,0,0,0,0,0,0
>chr16_FA2H_74775584_negative_0
0,0,0,0,0,0,0,0,0
>chr16_FA2H_74776782_negative_0
0,0,0,0,0,0,0,0,0
>chr16_FA2H_74777834_negative_0
0,0,0,0,0,0,0,0,0
